1 0
2 125
3 375
4 875
5 1875
6 3625
7 6125
8 9375
9 13375
10 18375
11 24375
12 32375
13 42375
14 54375
15 68375
16 84375
17 104375
18 128375
19 156375
20 188375
21 224375
22 264375
23 309375
24 359375
25 414375
26 474375
27 544375
28 624375
29 714375
30 814375
31 934375
32 1074375
33 1234375
34 1414375
35 1614375
36 1834375
37 2094375
38 2394375
39 2744375
40 3144375
41 3594375
42 4094375
43 4644375
44 5244375
45 5894375
46 6594375
47 7344375
48 8144375
49 9044375
50 10044375
51 11144375
52 12344375
53 13644375
54 15044375
55 16544375
56 18144375
57 19844375
58 21644375
59 23544375
60 25544375
61 27644375
62 29844375
63 32144375
64 34544375
65 37044375
66 39644375
67 42344375
68 45144375
69 48044375
70 51044375
71 54144375
72 57344375
73 60644375
74 64044375
75 67544375
76 71144375
77 74844375
78 78644375
79 82544375
80 86544375
81 90644375
82 94844375
83 99144375
84 103544375
85 108044375
86 112644375
87 117344375
88 122144375
89 127044375
90 132044375
91 137144375
92 142344375
93 147644375
94 153044375
95 158544375
96 164144375
97 169844375
98 175644375
99 181544375
100 187544375
101 193644375
102 199844375
103 206144375
104 212544375
105 219044375
106 225644375
107 232344375
108 239144375
109 246044375
110 253044375
111 260044375
112 267044375
113 274044375
114 281044375
115 288044375
116 295044375
117 302044375
118 309044375
119 316044375
120 323044375
121 330044375
122 337044375
123 344044375
124 351044375
125 358044375
126 365044375
127 372044375
128 379044375
129 386044375
130 393044375
131 400044375
132 407044375
133 414044375
134 421044375
135 428044375
136 435044375
137 442044375
138 449044375
139 456044375
140 463044375
141 470044375
142 477044375
143 484044375
144 491044375
145 498044375
146 505044375
147 512044375
148 519044375
149 526044375
150 533044375
151 540044375
152 547044375
153 554044375
154 561044375
155 568044375
156 575044375
157 582044375
158 589044375
159 596044375
160 603044375
161 610044375
162 617044375
163 624044375
164 631044375
165 638044375
166 645044375
167 652044375
168 659044375
169 666044375
170 673044375
171 680044375
172 687044375
173 694044375
174 701044375
175 708044375
176 715044375
177 722044375
178 729044375
179 736044375
180 743044375
181 750044375
182 757044375
183 764044375
184 771044375
185 778044375
186 785044375
187 792044375
188 799044375
189 806044375
190 813044375
191 820044375
192 827044375
193 834044375
194 841044375
195 848044375
196 855044375
197 862044375
198 869044375
199 876044375
200 883044375
201 898044375
202 913044375
203 928044375
204 943044375
205 958044375
206 973044375
207 988044375
208 1003044375
209 1018044375
210 1033044375
211 1048044375
212 1063044375
213 1078044375
214 1093044375
215 1108044375
216 1123044375
217 1138044375
218 1153044375
219 1168044375
220 1183044375
221 1198544375
222 1214544375
223 1231044375
224 1248044375
225 1265544375
226 1283544375
227 1302044375
228 1321044375
229 1340544375
230 1360544375
231 1381044375
232 1402044375
233 1423544375
234 1445544375
235 1468044375
236 1491044375
237 1514544375
238 1538544375
239 1563044375
240 1588044375
241 1613544375
242 1639544375
243 1666044375
244 1693044375
245 1720544375
246 1748544375
247 1777044375
248 1806044375
249 1835544375
250 1865544375
251 1896044375
252 1927044375
253 1958544375
254 1990544375
255 2023044375
256 2056044375
257 2089544375
258 2123544375
259 2158044375
260 2193044375
261 2228544375
262 2264544375
263 2301044375
264 2338044375
265 2375544375
266 2413544375
267 2452044375
268 2491044375
269 2530544375
270 2570544375
271 2611044375
272 2652044375
273 2693544375
274 2735544375
275 2778044375
276 2821044375
277 2864544375
278 2908544375
279 2953044375
280 2998044375
281 3043544375
282 3089544375
283 3136044375
284 3183044375
285 3230544375
286 3278544375
287 3327044375
288 3376044375
289 3425544375
290 3475544375
291 3526044375
292 3577044375
293 3628544375
294 3680544375
295 3733044375
296 3786044375
297 3839544375
298 3893544375
299 3948044375
300 4003044375
301 4058544375
302 4114544375
303 4171044375
304 4228044375
305 4285544375
306 4343544375
307 4402044375
308 4461044375
309 4520544375
310 4580544375
311 4641044375
312 4702044375
313 4763544375
314 4825544375
315 4888044375
316 4951044375
317 5014544375
318 5078544375
319 5143044375
320 5208044375
321 5273644375
322 5339844375
323 5406644375
324 5474044375
325 5542044375
326 5611244375
327 5681644375
328 5753244375
329 5826044375
330 5900044375
331 5975244375
332 6051644375
333 6129244375
334 6208044375
335 6288044375
336 6369244375
337 6451644375
338 6535244375
339 6620044375
340 6706044375
341 6793244375
342 6881644375
343 6971244375
344 7062044375
345 7154044375
346 7247244375
347 7341644375
348 7437244375
349 7534044375
350 7632044375
351 7731244375
352 7831644375
353 7933244375
354 8036044375
355 8140044375
356 8245244375
357 8351644375
358 8459244375
359 8568044375
360 8678044375
361 8789244375
362 8901644375
363 9015244375
364 9130044375
365 9246044375
366 9363244375
367 9481644375
368 9601244375
369 9722044375
370 9844044375
371 9967244375
372 10091644375
373 10217244375
374 10344044375
375 10472044375
376 10601244375
377 10731644375
378 10863244375
379 10996044375
380 11130044375
381 11265244375
382 11401644375
383 11539244375
384 11678044375
385 11818044375
386 11959244375
387 12101644375
388 12245244375
389 12390044375
390 12536044375
391 12683244375
392 12831644375
393 12981244375
394 13132044375
395 13284044375
396 13437244375
397 13591644375
398 13747244375
399 13904044375
400 14062044375
401 14221244375
402 14381644375
403 14543244375
404 14706044375
405 14870044375
406 15035244375
407 15201644375
408 15369244375
409 15538044375
410 15708044375
411 15879244375
412 16051644375
413 16225244375
414 16400044375
415 16576044375
